C0 = [
4 78
11 149
17 141
22 127
27 110
32 94
38 82
43 70
48 68
54 63
59 65
64 69
69 76
75 81
80 88
85 89
90 87
96 85
101 81
106 83
112 73
117 75
122 74
127 75
133 76
138 82
143 81
149 86
154 87
159 82
164 86
170 85
175 82
180 78
186 74
191 75
196 78
201 78
207 81
212 84
217 81
222 81
228 83
233 80
238 83
244 77
249 79
];
C1 = [
49 150
58 139
76 150
105 150
132 134
160 142
223 144
];
C2 = [
0 145
23 146
42 137
91 149
192 139
207 143
225 137
];
