C0 = [
5 148
11 140
16 126
21 109
26 93
32 81
37 69
42 67
48 62
53 64
58 68
63 75
69 80
74 87
79 88
84 86
90 84
95 80
100 82
106 72
111 74
116 73
121 74
127 75
132 81
137 80
143 85
148 86
153 81
158 85
164 84
169 81
174 77
180 73
185 74
190 77
195 77
201 80
206 83
211 80
216 80
222 82
227 79
232 82
238 76
243 78
248 78
];
