C0 = [
0 145
5 137
11 113
16 81
21 47
26 21
32 8
37 11
42 31
48 61
53 96
58 125
63 142
69 143
74 128
79 100
84 66
90 34
95 13
100 7
106 18
111 43
116 76
121 109
127 134
132 145
137 139
143 117
148 85
153 51
158 24
164 8
169 10
180 57
185 91
190 122
195 141
201 144
206 131
211 104
216 71
222 38
227 15
232 7
238 16
243 39
248 72
];
C1 = [
0 76
5 109
11 134
16 145
21 139
26 117
32 86
37 52
42 24
48 8
53 10
58 27
63 57
69 91
74 121
79 141
84 144
90 131
95 104
100 71
106 38
111 15
116 7
121 16
127 39
132 71
137 105
143 132
148 144
153 141
158 121
164 90
169 56
174 27
180 10
185 9
190 24
195 52
201 86
206 118
211 139
216 145
222 134
227 109
232 75
238 42
243 18
248 7
];
C2 = [
5 142
16 122
21 107
26 93
32 79
37 69
42 63
53 63
58 67
63 73
69 78
74 82
79 85
84 85
90 82
95 79
100 75
106 72
111 70
116 70
121 71
127 73
132 76
137 78
143 80
148 81
153 80
158 79
164 77
169 75
174 73
180 72
185 72
190 73
195 75
201 77
206 78
211 79
216 79
222 79
227 78
232 76
238 75
243 73
248 73
];
